Evidence estimates:
===================
  - The evidence Z is a log-normally distributed, with location and scale parameters mu and sigma.
  - We denote this as log(Z) = mu +/- sigma.

Global evidence:
----------------

log(Z)       =  -0.432329940139575E+002 +/-   0.717752329270314E-001


Local evidences:
----------------

log(Z_1)     =  -0.450192407822776E+002 +/-   0.982857830978751E-001
log(Z_2)     =  -0.470001658128437E+002 +/-   0.265520485194482E+000
log(Z_3)     =  -0.475795023139727E+002 +/-   0.345259592165289E+000
log(Z_4)     =  -0.470767057212459E+002 +/-   0.274986438838432E+000
log(Z_5)     =  -0.474523147438424E+002 +/-   0.326693951732067E+000
log(Z_6)     =  -0.469999382281788E+002 +/-   0.265524967837225E+000
log(Z_7)     =  -0.466231823920136E+002 +/-   0.223885416946283E+000
log(Z_8)     =  -0.459928530756469E+002 +/-   0.167185356782901E+000
log(Z_9)     =  -0.457746411459544E+002 +/-   0.151058712233362E+000
log(Z_10)    =  -0.440913285344924E+002 +/-   0.785937390813196E-001
log(Z_11)    =  -0.481249682002269E+002 +/-   0.140272731229706E+000
log(Z_12)    =  -0.468351983088284E+002 +/-   0.107430393198597E+000
log(Z_13)    =  -0.486910468909440E+002 +/-   0.342243319689240E+000
log(Z_14)    =  -0.478778356473084E+002 +/-   0.192581884408921E+000
log(Z_15)    =  -0.457400311745073E+002 +/-   0.977202527862775E-001


Run-time information:
---------------------

 ncluster:          0 /      15
 nposterior:     2800
 nequals:         563
 ndead:          2800
 nlive:             0
 nlike:         92160
 <nlike>:        0.00   (    0.00 per slice )


Dim No.       Mean        Sigma
  1  0.702210412127164E+002 +/-   0.993706463212915E+000
-------------------------------
